3958: (0, 0) (76098977, -10) (0, 0) 
30383: (0, 0) (0, 0) (2052938788, -30) 
34149: (0, 0) (3844707362, -37) (0, 0) 
36717: (0, 0) (155506547, 217) (0, 0) 
54509: (76098977, -6) (0, 0) (0, 0) 
58536: (2279086135, 16) (0, 0) (0, 0) 
71990: (0, 0) (0, 0) (2420525942, 2) 
73967: (0, 0) (42246134, -57) (0, 0) 
79339: (0, 0) (0, 0) (1785464148, -29) 
88222: (0, 0) (0, -8) (2260065490, 3) 
92554: (1839640028, 37) (0, 0) (0, 0) 
108909: (0, 0) (560876562, -74) (0, 0) 
113475: (4003468855, -63) (0, 0) (0, 0) 
124761: (0, 0) (1061810657, 11) (0, 0) 
129352: (0, 0) (0, 0) (1685588346, 11) 
147799: (0, 0) (0, 0) (2548231204, -10) 
152290: (505847551, 12) (0, 0) (0, 0) 
156308: (182465143, 32) (0, 0) (0, 0) 
158880: (2709838116, 54) (0, 0) (0, 0) 
168067: (3819067014, -23) (0, 0) (0, 0) 
184515: (4193039031, -69) (0, 0) (0, 0) 
204442: (0, 0) (2533015283, 16) (0, 0) 
208225: (0, 0) (0, 0) (3381396599, 22) 
215242: (0, 0) (2052595154, -5) (0, 0) 
267509: (0, 0) (0, 0) (2193125040, 7) 
353831: (1785464148, -9) (0, 0) (0, 0) 
369034: (1994690592, 72) (0, 0) (0, 0) 
398501: (0, 0) (0, 0) (4193039031, -3) 
400467: (0, 0) (1685588346, -11) (0, 0) 
432178: (682311412, 108) (0, 0) (0, 0) 
451897: (3178107736, -3) (0, 0) (0, 0) 
472397: (0, 0) (1458233012, -24) (0, 0) 
491317: (0, 0) (0, 0) (1863709062, 25) 
511941: (2664008228, -3) (0, 0) (0, 0) 
525360: (0, 0) (1899808485, 64) (0, 0) 
526595: (0, 0) (0, 0) (998318815, -138) 
550848: (0, 0) (0, 0) (750471240, 0) 
551541: (1843611349, -5) (0, 0) (0, 0) 
568376: (0, 0) (0, 0) (1285227265, -189) 
570012: (2171953523, 354) (0, 0) (0, 0) 
570050: (0, 0) (2260065490, 11) (0, 0) 
584767: (0, 0) (0, 0) (1899808485, -62) 
585950: (0, 0) (3241548292, -4) (0, 0) 
593753: (0, 0) (332745300, 11) (0, 0) 
680296: (0, 0) (4195751961, 59) (0, 0) 
681223: (1250530999, -31) (0, 0) (0, 0) 
693255: (0, 0) (1747399861, -29) (0, 0) 
710413: (0, 0) (263296037, 5) (0, 0) 
732008: (0, 0) (682311412, -8) (0, 0) 
736358: (0, 0) (0, 0) (3239031416, -15) 
737268: (0, 0) (0, 0) (3818512091, 31) 
741228: (0, 0) (0, 0) (1061810657, 73) 
748547: (0, 0) (0, 0) (2991732311, -11) 
758231: (1899808485, -66) (0, 0) (0, 0) 
828512: (0, 0) (2679196533, -3) (0, 0) 
925549: (2193240100, -3) (0, 0) (0, 0) 
926736: (0, 0) (1285227265, 197) (0, 0) 
936161: (0, 0) (1505441646, 0) (0, 0) 
951941: (2461979119, -10) (0, 0) (0, 0) 
984059: (0, 0) (2530182441, 1) (0, 0) 
992381: (0, 0) (2991732311, 11) (0, 0) 
997304: (0, 0) (0, 0) (532875063, 24) 
1029369: (0, 0) (2193125040, 11) (0, 0) 
1040821: (0, 0) (1265437565, -326) (0, 0) 
1045733: (1589004575, -8) (0, 0) (0, 0) 
1059583: (0, 0) (0, 0) (2671275174, -26) 
1065268: (0, 0) (0, 0) (3570569967, -6) 
1084327: (1685588346, -3) (0, 0) (0, 0) 
1090030: (2193125040, 19) (0, 0) (0, 0) 
1102467: (3381396599, -14) (0, 0) (0, 0) 
1116708: (1314423930, 5) (0, 0) (0, 0) 
1133475: (0, 0) (0, 0) (2947772122, 7) 
1155836: (0, 0) (1013404837, -4) (0, 0) 
1162110: (0, 0) (0, 2) (155506547, -7) 
1170154: (0, 0) (0, 0) (560876562, -28) 
1178775: (0, 0) (1863709062, 55) (0, 0) 
1199714: (0, 0) (0, 0) (505847551, -2) 
1208199: (0, 0) (2181719381, 50) (0, 0) 
1218650: (0, 0) (0, 0) (2193240100, -5) 
1237502: (0, 0) (1589004575, 4) (0, 0) 
1291968: (0, 0) (0, 0) (2636701580, 13) 
1325886: (1505441646, 50) (0, 0) (0, 0) 
1341693: (2052595154, -197) (0, 0) (0, 0) 
1346952: (1863709062, 55) (0, 0) (0, 0) 
1368393: (0, 0) (0, 0) (1025485848, 12) 
1395132: (0, 0) (2279086135, -4) (0, 0) 
1396905: (0, 0) (0, 0) (1589004575, 4) 
1445241: (2052938788, -232) (0, 12) (0, 0) 
1475078: (0, 0) (0, 0) (4059752199, -63) 
1484782: (2679196533, 3) (0, 0) (0, 0) 
1505472: (2023499206, 9) (0, 2) (0, 0) 
1521165: (384797556, -12) (0, 0) (0, 6) 
1559770: (1811121746, 10) (0, 0) (0, 0) 
1595667: (0, 0) (1095330949, 41) (0, 0) 
1600913: (0, 0) (0, 0) (2171953523, 0) 
1662550: (2420525942, 40) (0, 0) (0, 0) 
1689851: (1276487185, -28) (0, 0) (0, 0) 
1698569: (0, 0) (0, 0) (2533015283, -12) 
1720564: (0, 0) (2214315213, 26) (0, 0) 
1722656: (0, 0) (1625247144, 10) (0, 0) 
1748876: (0, 0) (0, -24) (3819067014, -389) 
1760634: (0, 0) (3724337291, 68) (0, 0) 
1767983: (0, 0) (0, 0) (2461979119, 6) 
1787090: (0, 0) (0, 0) (2077511942, 9) 
1787214: (0, 0) (0, 0) (1276487185, -12) 
1790812: (1285227265, 201) (0, 0) (0, 0) 
1795929: (1446464181, -32) (0, 0) (0, 0) 
1799532: (3724337291, 68) (0, 0) (0, 0) 
1816741: (0, 0) (505847551, 14) (0, 0) 
1820239: (0, 0) (1839640028, 11) (0, 0) 
1825540: (0, 0) (0, 0) (3178107736, -5) 
1855185: (540476063, -34) (0, 0) (0, 0) 
1868052: (941935556, 16) (0, 0) (0, 0) 
1873943: (339674561, -16) (0, 0) (0, 0) 
1878778: (0, 0) (913154748, -9) (0, 0) 
1901236: (0, 0) (0, 0) (3536465896, 5) 
1915166: (998318815, 24) (0, 0) (0, 0) 
1921972: (0, 0) (856948882, -23) (0, 0) 
1922122: (0, 0) (0, 0) (856948882, -3) 
1946360: (332745300, 11) (0, 0) (0, 0) 
1962241: (0, 0) (0, 0) (3241548292, -6) 
1990232: (0, 0) (941935556, 62) (0, 0) 
2004873: (0, 0) (0, 0) (3237379495, 1) 
2007731: (0, 0) (0, 0) (4195751961, -21) 
2065472: (0, 0) (2671275174, 12) (0, 0) 
2070198: (0, 0) (0, 8) (4003468855, 7) 
2082156: (0, 0) (2947772122, -13) (0, 0) 
2084330: (0, 0) (0, 0) (1505441646, -22) 
2107433: (4283339576, -8) (0, 0) (0, 0) 
2108207: (0, 0) (0, 0) (1458233012, 18) 
2131695: (2260065490, -37) (0, 0) (0, 0) 
2135868: (0, 0) (0, 0) (1013404837, 24) 
2150949: (856948882, -43) (0, 0) (0, 0) 
2164954: (560876562, 202) (0, 0) (0, 0) 
2171330: (3239031416, 13) (0, 0) (0, 0) 
2243080: (0, 0) (0, 0) (1994690592, -16) 
2272748: (0, 0) (2420525942, -64) (0, 0) 
2306667: (2599939491, -6) (0, 34) (0, 0) 
2332333: (0, 0) (0, 0) (332745300, 15) 
2333544: (0, 0) (0, 0) (803802712, -4) 
2340396: (0, 0) (0, 0) (913154748, 29) 
2379748: (1013404837, 36) (0, 0) (0, 0) 
2380387: (2671275174, -38) (0, 0) (0, 0) 
2427130: (3241548292, 20) (0, 0) (0, 0) 
2430420: (0, 0) (0, 0) (3882565598, -1) 
2453353: (2530182441, -199) (0, -2) (0, 0) 
2460072: (0, 0) (3381396599, -40) (0, 0) 
2460479: (1881630894, -115) (0, 0) (0, 0) 
2485835: (0, 0) (532875063, -20) (0, 0) 
2504798: (0, 0) (4059752199, -57) (0, 0) 
2522214: (0, 0) (3882565598, 21) (0, 0) 
2558902: (1265437565, 318) (0, 0) (0, 0) 
2569677: (263296037, -9) (0, 0) (0, 0) 
2574434: (3882565598, 25) (0, 0) (0, 0) 
2576082: (0, 0) (1314423930, -7) (0, 0) 
2606639: (0, 0) (0, 0) (2279086135, -6) 
2608837: (0, 0) (337999726, -6) (0, 0) 
2626200: (803802712, 10) (0, 0) (0, 0) 
2626224: (0, 0) (0, 0) (2969625780, 2) 
2631617: (0, 0) (2709838116, -24) (0, 0) 
2639484: (0, 0) (0, 0) (682311412, -4) 
2682567: (2678130088, -55) (0, 0) (0, 0) 
2710477: (0, 0) (0, 0) (2214315213, -60) 
2741679: (0, 0) (0, 0) (2023499206, -3) 
2745797: (0, 0) (0, 0) (1314423930, -7) 
2745994: (0, 0) (0, 0) (1811121746, -4) 
2775832: (0, 0) (384797556, -20) (0, 0) 
2780207: (0, 0) (1940116757, -15) (0, 0) 
2837855: (913154748, -15) (0, 0) (0, 0) 
2839056: (3151668340, 3) (0, 0) (0, 0) 
2851229: (0, 0) (2193240100, -39) (0, 2) 
2865011: (0, 0) (1276487185, -22) (0, -2) 
2922620: (0, 0) (2599939491, -34) (0, 0) 
2933452: (2969625780, 24) (0, 0) (0, 0) 
2974841: (3931773154, -10) (0, -26) (0, 0) 
2977762: (0, 0) (0, 0) (1446464181, -24) 
3006175: (2214315213, -30) (0, 0) (0, 0) 
3037782: (0, 0) (0, 34) (2709838116, 10) 
3039846: (0, 0) (1446464181, 20) (0, 0) 
3043640: (0, 0) (3151668340, -33) (0, 0) 
3068028: (0, 0) (0, 0) (2181719381, 74) 
3138283: (0, 0) (3239031416, 79) (0, 0) 
3149105: (3818512091, -39) (0, 0) (0, 0) 
3152047: (1458233012, -30) (0, 0) (0, 0) 
3182118: (3844707362, 21) (0, 0) (0, 0) 
3192157: (0, 0) (339674561, -52) (0, 0) 
3192949: (0, 0) (3826499193, -13) (0, 0) 
3193880: (3425292918, 3) (0, 0) (0, 0) 
3210663: (0, 0) (0, 0) (1095330949, 11) 
3218008: (0, 0) (0, 0) (182465143, -76) 
3219553: (0, 0) (2461979119, 304) (0, 0) 
3278140: (0, 0) (0, 0) (2599939491, 80) 
3309549: (750471240, -10) (0, 0) (0, 0) 
3317576: (0, 0) (427360263, 8) (0, 0) 
3327153: (2397611375, -17) (0, 0) (0, 0) 
3328745: (0, 0) (0, 0) (2906287306, -4) 
3329886: (0, 0) (4003468855, -27) (0, 0) 
3359345: (0, 0) (2171953523, 14) (0, 0) 
3363798: (0, 0) (0, 0) (42246134, 23) 
3368730: (0, 0) (0, 0) (1747399861, 55) 
3369187: (0, 0) (0, 0) (370958859, -8) 
3382063: (0, 0) (4283339576, -38) (0, -2) 
3413861: (0, 0) (803802712, 6) (0, 0) 
3418571: (2181719381, -86) (0, 0) (0, 0) 
3423365: (1625247144, -16) (0, 0) (0, 0) 
3425877: (370958859, -50) (0, 0) (0, 0) 
3430565: (0, 0) (2397611375, 13) (0, 0) 
3434941: (0, 0) (0, 0) (1843611349, 5) 
3451714: (0, 0) (0, 0) (2397611375, -29) 
3459906: (0, 0) (540476063, -30) (0, 0) 
3500795: (0, 0) (0, 0) (1250530999, 5) 
3516216: (0, 0) (0, 0) (2678130088, -17) 
3519295: (3630244644, -65) (0, 0) (0, 0) 
3521692: (0, 0) (0, 0) (941935556, -4) 
3525271: (2991732311, -3) (0, 0) (0, 0) 
3525937: (0, 0) (0, 0) (1940116757, 21) 
3530019: (0, 0) (2906287306, -18) (0, 0) 
3530083: (1940116757, -25) (0, 0) (0, 0) 
3531522: (0, 0) (2548231204, 82) (0, 0) 
3538176: (0, 0) (3425292918, 3) (0, 0) 
3541325: (0, 0) (0, 0) (1625247144, -12) 
3604890: (0, 0) (182465143, 14) (0, -52) 
3617482: (0, 0) (2678130088, 7) (0, 0) 
3624640: (0, 0) (3630244644, -31) (0, 0) 
3667168: (42246134, 19) (0, 0) (0, 0) 
3696462: (0, 0) (0, 0) (2052595154, 83) 
3701777: (0, 0) (1025485848, 14) (0, 0) 
3707866: (0, 0) (0, 10) (1839640028, 31) 
3717871: (0, 0) (0, 10) (3425292918, 7) 
3720816: (0, 0) (3570569967, 0) (0, 0) 
3764127: (0, 0) (370958859, -38) (0, 0) 
3834900: (1095330949, 67) (0, 0) (0, 0) 
3859318: (0, 0) (0, 0) (263296037, 13) 
3868969: (0, 0) (0, 0) (1881630894, -9) 
3873599: (0, 0) (0, 0) (3844707362, 3) 
3876734: (337999726, 74) (0, 0) (0, 0) 
3890378: (1061810657, 161) (0, 0) (0, 0) 
3895809: (2533015283, -24) (0, 0) (0, 412) 
3898562: (0, 0) (4193039031, 3) (0, 0) 
3919020: (4195751961, 59) (0, 0) (0, 0) 
3920318: (0, 0) (1785464148, 5) (0, 0) 
3922179: (0, 0) (3237379495, -23) (0, 0) 
3985305: (0, 0) (2052938788, -12) (0, 0) 
4007657: (0, 0) (3178107736, -33) (0, 0) 
4013911: (2636701580, -21) (0, 0) (0, 0) 
4024759: (0, 0) (1811121746, -10) (0, 0) 
4055619: (0, 0) (0, 0) (540476063, -48) 
4061066: (0, 0) (0, 0) (2664008228, -3) 
4061713: (0, 0) (750471240, 0) (0, 0) 
4065251: (0, 0) (998318815, 170) (0, 0) 
4065972: (0, 0) (1250530999, 15) (0, 0) 
4074361: (0, 0) (0, 0) (3826499193, -9) 
4107118: (155506547, 3) (0, 0) (0, 0) 
4130150: (532875063, 18) (0, 0) (0, 0) 
4134143: (3826499193, -9) (0, 0) (0, 0) 
4138732: (427360263, 16) (0, 0) (0, 0) 
4148269: (0, 0) (2664008228, 3) (0, 34) 
4164396: (2947772122, 229) (0, 0) (0, 0) 
4168423: (0, 0) (0, 0) (427360263, 18) 
4193320: (1747399861, 551) (0, 0) (0, 0) 
4203287: (3237379495, -23) (0, 0) (0, 0) 
4206861: (0, 0) (2636701580, 3) (0, 0) 
4209169: (0, 0) (3819067014, 1) (0, 0) 
4235020: (0, 0) (0, 0) (1265437565, 316) 
4243062: (0, 0) (1881630894, 7) (0, 0) 
4247582: (4059752199, 67) (0, 0) (0, 0) 
4251475: (0, 0) (1843611349, 45) (0, 0) 
4263875: (2077511942, -73) (0, 0) (0, 0) 
4297114: (0, 0) (0, 0) (3630244644, -31) 
4304232: (1284104420, 30) (0, 0) (0, 0) 
4306923: (0, 0) (0, 0) (4283339576, -18) 
4336943: (0, 0) (2023499206, -13) (0, 0) 
4344211: (0, 0) (0, 0) (337999726, 0) 
4345621: (0, 0) (2969625780, -40) (0, 0) 
4363654: (0, 0) (3818512091, 33) (0, 0) 
4428035: (0, 0) (0, 0) (3724337291, 72) 
4447381: (0, 0) (0, 0) (2530182441, 27) 
4485281: (3570569967, -54) (0, 0) (0, 0) 
4487494: (2548231204, 16) (0, 0) (0, 0) 
4504476: (0, 0) (0, 0) (1284104420, 0) 
4538147: (0, 0) (1994690592, 10) (0, 0) 
4553952: (0, 0) (1284104420, -4) (0, 0) 
4566840: (0, 0) (0, 0) (2679196533, -7) 
4585814: (0, 0) (2077511942, 23) (0, 0) 
4603786: (0, 0) (0, 0) (339674561, -54) 
4604683: (0, 0) (0, 0) (76098977, -4) 
